13 19 3 -3 -5 4
2 2 2 2 2 2 2 2 2 2 0 2 0 2 2 2 2 2 2 
2 2 2 2 2 2 2 2 2 2 0 2 0 2 2 2 2 2 2 
2 2 2 2 2 2 2 2 0 0 0 0 0 0 0 0 0 2 2 
2 2 2 2 2 2 2 2 2 2 2 2 0 2 2 2 2 2 2 
2 2 2 2 2 2 2 2 0 0 0 2 0 2 2 2 2 2 2 
2 2 2 2 2 2 2 2 2 2 1 2 0 2 2 2 2 2 2 
2 2 0 0 0 0 0 2 0 1 1 1 0 2 2 2 2 2 2 
2 2 2 2 0 2 2 2 2 2 1 2 2 2 2 2 2 2 2 
2 2 0 0 0 0 0 0 0 0 0 0 0 0 0 0 0 0 0 
2 2 0 2 0 2 2 2 2 2 2 2 2 2 0 2 2 2 2 
0 0 0 2 0 2 2 2 2 2 2 2 2 2 0 2 2 2 2 
2 2 0 2 2 2 2 2 2 2 2 2 2 2 2 2 2 2 2 
2 2 0 2 2 2 2 2 2 2 2 2 2 2 2 2 2 2 2 
28 11 
| | 
19 Ал 13 Ал 10 Ал 18 Ал 29 
| 
24 Ал 15 6 
| | 
23 Ал 9 Ал 22 14 Ал 0 Ал 3 
| | 
8 Ал 7 Ал 5 Ал 2 Ал 1 Ал 4 Ал 12 Ал 25 Ал 26 
| | | 
27 Ал 17 16 20 
| 
21 
